999 1501
813 761
583 103
715 505
475 988
32 820
157 106
424 114
818 64
701 723
835 854
844 809
382 233
693 360
385 913
596 803
426 304
159 57
96 456
991 654
654 870
758 450
325 19
9 91
461 555
87 668
870 98
29 351
782 727
52 750
965 366
215 328
390 784
326 353
51 471
298 601
337 482
226 855
641 1
284 602
300 764
228 482
2 815
70 29
69 480
302 642
784 319
185 326
996 328
925 302
145 18
7 647
665 615
498 335
478 33
570 843
708 513
573 616
392 926
270 576
986 289
979 359
181 615
404 281
569 699
522 177
283 34
998 252
283 286
758 704
683 64
576 699
850 545
333 467
980 698
817 73
903 169
399 472
60 157
717 406
976 940
21 611
899 962
737 708
101 496
397 153
802 69
540 941
65 423
273 806
452 906
984 410
675 437
315 480
662 781
911 325
269 317
223 414
99 652
561 599
976 114
35 101
271 236
105 748
802 454
413 15
972 816
872 472
759 340
381 119
42 707
49 155
153 51
675 305
727 229
636 922
905 730
342 344
928 562
209 794
690 74
800 730
367 754
766 484
663 71
931 584
533 704
88 362
970 860
801 276
170 166
646 733
603 868
720 24
398 853
375 430
352 710
581 919
715 390
796 837
98 214
107 882
533 196
838 553
906 872
507 891
644 250
317 801
935 369
628 257
454 345
227 922
441 733
402 960
414 265
461 338
253 930
523 901
804 34
694 517
889 216
603 426
588 275
563 98
765 212
278 322
191 163
417 969
553 965
626 406
794 951
786 908
18 472
953 653
448 15
166 83
767 879
419 515
725 659
541 327
113 233
164 121
508 604
663 501
317 436
94 83
824 605
132 77
795 646
381 523
629 158
844 421
537 883
269 192
586 631
218 505
308 680
588 220
297 448
300 778
193 350
142 233
611 243
91 529
737 624
340 247
885 771
554 808
380 787
780 804
498 244
771 325
165 52
670 947
263 183
914 950
99 169
512 402
503 533
944 436
696 324
904 199
455 543
25 371
404 102
340 808
519 50
459 981
771 860
26 389
663 425
709 991
851 254
295 812
365 282
31 94
816 828
626 554
556 231
158 786
941 2
483 727
146 536
911 200
430 186
494 489
455 316
330 497
552 815
850 339
81 766
523 730
178 837
658 231
227 835
26 217
237 645
571 455
148 886
687 306
938 388
537 181
413 667
611 925
563 340
566 253
328 809
667 69
345 775
37 441
341 743
762 18
419 344
661 174
735 795
831 754
608 893
176 434
523 512
913 598
138 326
733 528
165 136
454 782
522 623
816 305
552 566
474 206
536 63
832 25
298 373
429 123
797 343
535 823
574 263
685 576
159 618
127 494
820 425
148 848
125 169
855 349
281 345
771 578
736 499
27 616
649 422
69 57
304 90
512 504
127 893
194 184
50 824
359 907
304 926
465 101
510 87
546 948
858 472
567 45
291 517
436 773
350 254
540 448
966 685
51 933
585 266
918 467
445 578
367 17
54 49
175 254
941 148
196 865
647 553
981 336
367 301
517 814
518 493
568 72
843 470
316 748
469 922
770 940
687 682
939 357
748 914
661 64
825 157
547 188
459 603
344 405
680 26
258 152
707 161
866 283
316 418
112 62
424 926
391 388
709 622
592 963
134 577
93 261
538 802
677 41
910 732
469 870
641 646
242 137
50 921
434 882
435 948
392 353
641 161
280 228
221 954
482 66
285 151
188 791
17 151
563 562
453 972
199 15
507 355
963 485
557 471
357 468
222 316
754 538
726 15
878 96
449 834
84 935
511 612
188 627
27 114
25 682
34 659
419 404
877 155
806 254
16 537
564 220
446 800
936 632
625 414
721 798
466 234
961 473
635 471
763 486
453 957
367 771
432 866
342 202
164 928
366 144
664 307
842 415
395 264
206 477
114 49
271 768
168 677
184 297
357 815
262 487
574 180
1 365
68 348
549 494
426 322
666 54
136 177
668 686
254 802
640 805
715 851
267 361
303 773
85 943
100 52
145 310
247 792
805 856
334 301
511 594
602 55
496 651
653 630
223 392
614 811
187 353
451 833
401 770
107 635
608 350
309 44
115 941
190 669
170 346
472 456
505 587
560 770
572 75
267 647
734 654
946 985
324 428
505 492
51 461
429 854
359 232
597 178
135 852
577 731
507 304
906 560
183 365
651 130
404 356
514 409
978 927
872 605
822 189
550 315
0 144
850 343
204 159
727 132
668 368
824 182
879 428
613 307
696 666
344 911
196 663
467 500
671 926
945 290
139 566
938 523
474 904
709 526
684 695
400 136
321 675
90 139
978 295
471 914
124 475
223 140
652 235
842 885
258 304
547 572
367 522
313 455
607 52
108 179
589 619
75 383
237 933
862 536
646 542
229 563
417 758
876 308
409 429
989 913
407 448
431 47
794 945
755 469
21 411
713 394
868 297
807 502
770 567
270 924
786 550
528 950
58 190
313 639
649 227
256 978
270 11
316 130
275 258
671 494
464 69
110 264
548 482
583 809
810 743
122 404
926 258
86 953
558 473
449 586
372 73
904 508
813 366
414 297
395 846
390 208
805 745
492 932
832 35
592 802
759 425
175 1
53 28
662 339
796 624
470 127
341 953
440 152
756 720
752 350
546 660
677 900
420 538
984 59
100 69
883 102
341 836
273 690
542 490
923 481
578 765
777 138
601 909
331 663
172 454
498 420
703 179
419 951
536 767
504 506
151 478
35 855
884 253
971 663
263 707
25 207
954 429
230 360
492 366
365 120
976 504
364 908
234 977
720 150
566 135
933 140
635 714
532 294
632 525
744 637
118 466
983 478
841 223
932 160
608 396
117 660
820 913
456 462
736 47
216 819
32 854
676 38
380 925
391 668
671 347
163 929
92 836
793 135
495 125
641 265
291 714
187 586
762 561
100 29
876 551
442 251
635 860
484 358
503 931
687 659
443 74
805 489
662 819
932 487
764 748
12 602
173 205
252 961
318 300
725 27
583 140
522 274
954 456
404 878
538 778
550 348
623 793
525 755
219 514
504 636
94 339
796 696
99 935
985 480
591 330
106 53
190 577
939 666
349 147
45 747
129 286
740 477
779 331
42 246
147 514
317 305
176 751
422 419
167 326
467 700
456 596
38 616
544 833
597 840
785 722
226 294
804 147
309 661
79 745
942 568
866 134
867 899
812 820
309 0
660 560
553 655
217 278
330 84
332 412
355 756
587 580
970 695
40 324
964 743
448 785
1 545
757 211
298 104
993 713
394 465
772 1
169 412
80 812
212 702
420 6
679 725
551 303
179 298
875 97
130 558
499 598
545 96
469 902
505 657
535 641
438 408
56 692
2 268
555 455
301 82
659 310
448 226
295 65
719 305
253 982
212 349
476 688
527 9
912 806
273 16
692 17
464 460
594 498
819 95
724 70
155 183
293 441
880 21
357 432
43 660
857 988
22 855
555 233
239 839
291 618
136 542
527 1
847 962
12 652
707 277
545 870
773 697
469 827
290 436
853 102
512 962
158 206
268 985
113 243
66 851
715 670
408 932
761 301
571 232
682 971
941 920
152 502
700 231
128 735
763 977
10 970
627 342
562 451
153 327
445 379
534 675
189 296
920 244
164 119
430 571
416 123
235 720
279 776
735 538
437 510
433 734
157 892
293 699
269 531
183 74
720 223
28 502
692 554
334 29
939 98
110 208
70 961
338 394
229 796
249 83
725 394
287 222
633 548
714 250
690 767
942 11
972 844
981 469
0 447
975 908
51 648
343 326
364 7
780 888
193 938
818 68
337 36
736 80
672 247
701 312
311 435
460 621
689 27
130 38
489 227
123 415
663 967
214 773
901 897
952 565
133 403
341 968
797 132
951 781
922 75
804 969
862 120
435 240
50 339
416 162
801 677
920 810
994 517
865 190
760 857
898 658
16 576
79 625
188 122
512 130
807 558
360 452
627 45
937 887
778 33
320 854
196 648
20 146
751 285
501 904
479 278
540 438
976 539
948 250
29 500
836 835
537 933
353 883
122 844
608 522
126 247
588 871
258 246
867 876
731 567
616 322
77 286
93 223
147 97
309 371
647 521
729 773
208 117
170 891
921 681
430 377
585 381
364 531
515 234
57 312
454 198
746 130
903 914
304 914
459 532
719 548
593 672
385 39
428 823
541 812
877 661
808 884
693 119
325 884
327 437
963 278
498 455
852 542
966 368
258 448
484 669
216 795
416 703
562 795
411 817
962 864
860 243
21 54
727 969
305 935
170 557
743 766
233 63
21 60
915 996
34 223
945 796
964 937
580 530
867 318
571 649
742 704
991 377
800 542
562 206
580 80
496 453
830 568
654 105
209 825
376 716
62 310
378 94
230 485
890 218
758 859
460 201
376 356
44 520
796 512
226 740
368 426
242 697
33 602
750 830
426 737
57 494
770 919
743 945
32 333
810 831
162 962
439 25
754 852
687 277
257 961
228 472
191 182
286 165
935 426
412 956
427 555
153 827
529 718
781 323
938 461
499 15
591 324
693 517
0 232
175 688
324 763
49 635
454 829
0 32
786 449
590 74
606 287
996 492
26 44
455 985
151 978
700 495
405 468
506 442
64 228
512 721
694 57
716 454
336 447
75 434
343 155
236 164
99 972
29 355
372 275
871 749
887 192
504 835
230 284
195 974
365 987
965 168
852 754
555 691
524 285
671 399
575 300
168 117
804 85
296 147
435 771
984 562
40 70
149 932
826 358
454 697
272 491
100 992
1 210
278 151
121 233
888 561
366 578
410 766
693 837
977 612
49 144
880 160
761 802
231 524
297 140
270 380
770 740
329 931
119 865
463 882
117 755
227 895
108 120
847 351
454 50
447 119
368 982
208 891
366 386
565 905
305 763
263 193
462 335
960 16
114 625
76 766
547 954
31 567
604 823
440 990
565 511
15 735
142 432
871 412
689 633
936 872
518 505
467 805
65 386
77 218
219 854
390 866
380 970
708 137
977 626
624 516
33 693
43 137
57 707
961 69
675 867
108 839
236 398
506 303
971 434
910 906
731 736
121 247
25 202
795 441
19 288
859 657
727 82
646 398
643 992
905 798
802 147
568 875
511 528
109 86
205 312
670 312
728 680
207 821
383 14
368 410
906 432
147 29
574 216
425 837
734 188
643 111
427 785
582 195
753 723
180 360
696 595
170 13
764 299
151 210
460 193
357 858
730 554
967 167
396 769
558 372
487 751
340 906
148 6
24 167
667 27
375 329
756 716
144 667
508 279
592 812
93 730
789 621
384 731
877 857
412 438
252 411
142 267
230 500
7 122
101 529
27 418
466 722
222 125
670 17
844 154
380 25
850 775
970 468
393 703
694 494
356 75
277 407
934 981
154 162
159 791
753 160
153 24
190 143
822 147
13 478
524 136
895 559
768 830
976 509
778 469
852 356
970 222
540 841
343 307
792 861
932 398
258 262
425 611
622 268
328 976
0 841
579 749
340 712
99 385
582 589
704 404
864 992
813 93
303 75
540 887
885 583
623 215
254 150
982 304
21 194
169 980
908 704
677 515
928 351
657 363
366 293
426 916
110 489
275 714
270 653
737 325
882 34
989 746
415 810
768 446
524 371
784 15
586 628
168 234
944 27
16 818
992 929
202 914
904 739
463 888
550 969
934 95
406 886
38 627
336 794
483 921
81 70
286 490
201 833
632 59
896 675
253 291
175 276
840 200
783 850
447 683
522 635
450 696
632 691
448 250
43 185
466 878
95 673
17 340
821 107
682 641
58 239
985 87
476 510
466 109
723 141
762 817
74 204
809 937
649 593
601 588
348 27
756 242
335 138
340 700
546 28
484 317
522 13
297 789
743 49
237 987
537 753
333 687
464 807
693 680
719 295
48 378
519 795
280 583
89 658
626 186
580 430
16 756
430 820
575 313
871 162
169 114
403 922
660 490
831 580
381 980
475 717
150 734
835 115
787 659
615 235
938 396
181 881
83 74
755 206
312 677
840 945
381 821
266 641
8 962
286 347
207 960
193 226
927 686
19 222
417 10
793 6
204 668
339 41
753 525
424 493
416 38
701 405
671 815
633 958
791 674
493 499
457 927
234 743
432 773
165 152
380 407
589 704
537 833
224 318
575 114
499 895
690 55
369 408
14 101
886 804
167 547
698 748
767 42
689 954
187 894
85 223
670 516
540 858
204 873
368 882
267 483
348 713
287 790
413 517
406 665
428 520
88 588
969 346
493 78
874 955
618 587
738 790
277 366
596 785
755 166
662 135
782 966
173 713
362 149
528 936
525 433
42 640
763 160
689 225
111 636
639 702
422 636
645 141
638 663
107 348
5 737
698 326
905 681
34 274
351 925
124 618
6 504
826 583
120 558
321 173
458 762
514 181
906 231
430 432
162 521
354 918
799 384
528 344
261 116
360 438
344 22
550 267
624 243
280 451
348 82
300 984
310 104
217 84
79 799
699 293
327 191
677 157
285 548
150 890
35 839
304 503
192 639
643 322
329 649
265 742
410 887
375 333
215 705
83 76
845 668
680 539
165 171
548 583
534 422
671 269
100 559
523 867
101 695
753 83
365 979
595 48
367 899
645 835
386 949
687 229
71 427
167 908
195 175
545 567
117 18
297 445
719 975
347 953
763 428
204 908
492 780
690 838
612 869
880 84
508 318
730 742
470 491
635 768
817 23
631 373
109 686
496 616
70 241
146 126
329 734
573 185
703 478
542 645
721 952
930 977
779 746
424 441
233 459
863 302
916 546
569 933
182 995
169 112
761 198
253 838
287 706
665 791