999 1501
1 209
0 222
0 742
1 16
1 912
1 727
1 890
1 631
0 595
0 928
1 85
0 71
1 655
0 261
0 722
0 854
0 890
1 701
0 723
1 989
0 665
1 972
0 553
1 120
0 234
0 912
1 903
0 494
1 332
1 433
1 192
0 670
0 904
1 410
0 72
1 773
1 153
1 258
0 387
0 169
0 539
0 677
0 455
1 106
1 42
1 464
1 717
1 30
1 614
1 390
0 971
1 126
0 351
1 247
0 369
1 364
1 718
0 908
0 676
1 276
0 924
0 715
0 100
1 666
0 987
0 397
1 676
1 289
0 295
0 479
0 898
1 668
1 687
1 181
1 215
0 962
1 487
0 926
1 189
0 508
0 225
0 375
0 802
0 266
0 485
1 564
1 19
0 167
0 428
0 172
1 742
0 599
0 80
1 845
1 406
1 591
1 62
1 621
1 987
1 374
0 657
1 588
0 747
1 957
0 286
1 978
1 781
1 237
0 466
1 274
0 37
1 40
0 610
0 930
0 127
1 589
0 372
1 758
1 544
1 506
0 717
0 673
0 58
1 826
0 451
1 980
1 837
1 84
1 280
1 938
0 343
1 691
1 436
1 403
1 461
1 79
1 14
0 721
0 976
1 361
0 678
0 835
0 363
1 792
1 281
0 608
1 690
1 880
1 336
0 452
0 381
0 758
0 96
1 190
1 297
0 655
1 942
0 923
1 176
0 706
1 328
0 843
0 347
0 653
1 633
0 457
1 149
0 565
0 11
1 684
0 609
1 865
1 142
0 967
0 808
0 453
1 902
0 255
0 870
0 492
0 895
1 486
0 813
1 791
1 514
0 137
0 98
1 180
0 627
0 787
0 356
0 858
0 644
1 234
0 483
0 463
0 889
1 986
1 48
1 144
1 875
1 634
1 196
1 300
0 444
0 973
1 946
0 741
1 893
0 110
0 206
1 44
1 719
0 628
0 671
0 426
1 994
1 547
1 314
1 726
1 839
1 317
1 863
1 766
1 331
0 352
0 97
0 941
0 118
0 635
1 296
0 46
0 391
1 159
1 72
0 198
0 470
1 877
0 979
1 753
1 102
1 886
1 259
1 827
0 156
1 122
0 224
0 567
1 262
0 59
0 587
0 141
0 642
0 192
1 864
1 868
1 246
0 56
0 632
0 538
1 496
1 301
1 616
1 563
0 88
0 25
1 929
0 70
1 165
1 35
0 124
0 790
1 371
1 401
0 300
1 965
0 122
1 404
1 936
0 713
1 243
0 597
1 395
1 757
1 554
1 814
0 745
0 762
0 522
1 587
1 911
0 120
1 198
1 815
1 245
0 822
0 168
1 435
0 734
0 943
0 621
0 262
1 654
1 944
1 275
1 283
0 18
1 229
1 479
1 663
0 760
0 963
1 400
1 503
1 133
1 425
0 220
0 64
0 634
1 248
1 15
0 105
0 732
0 348
1 414
0 733
0 809
1 553
0 512
1 86
0 548
0 171
0 564
0 682
1 202
1 805
0 268
1 110
1 754
0 523
1 260
0 903
1 83
1 320
1 28
1 416
0 724
1 472
1 212
0 180
1 299
1 590
1 220
1 813
1 954
1 834
1 480
0 598
1 516
1 492
1 421
0 323
0 329
0 816
0 972
0 402
1 130
0 831
1 925
1 615
1 807
0 551
0 740
0 613
0 264
1 340
0 435
1 359
1 582
1 551
0 839
0 783
0 421
0 314
1 352
1 995
1 750
0 779
0 236
1 446
0 23
0 446
0 709
1 263
0 393
0 707
1 562
1 303
1 150
1 916
1 63
1 147
1 346
0 257
1 752
0 392
1 224
0 77
0 474
0 848
1 485
1 358
1 685
1 664
1 178
1 465
0 116
1 507
0 389
0 217
0 49
0 162
1 173
0 501
0 357
0 454
0 28
0 191
1 889
0 204
0 142
0 178
0 980
0 263
0 823
0 316
1 109
0 125
0 872
0 989
1 326
0 78
0 135
0 547
0 556
1 348
0 563
1 688
0 785
1 140
0 840
1 17
1 608
1 536
1 678
0 884
0 645
1 731
1 11
1 365
0 761
0 445
1 786
0 998
1 206
1 21
0 219
1 964
1 977
0 537
0 647
0 462
1 617
0 86
0 659
0 272
1 537
1 705
0 163
0 154
0 737
0 277
1 768
0 591
1 801
0 516
1 592
0 701
1 674
0 534
0 637
1 240
1 69
0 868
0 689
1 329
0 562
0 450
0 149
0 358
1 284
0 395
1 368
0 144
0 997
0 145
0 885
1 195
1 398
0 803
1 579
1 138
1 762
1 394
0 812
0 788
0 570
1 148
0 877
0 639
0 91
0 230
1 884
1 6
1 747
1 679
0 87
1 894
0 531
0 814
0 89
1 958
1 767
1 677
1 667
0 456
0 938
0 942
0 48
0 309
1 895
1 720
1 466
0 728
0 259
0 939
1 811
0 932
0 6
1 659
1 75
0 927
1 523
0 368
1 610
1 778
0 400
0 879
1 337
1 137
0 164
0 510
0 699
1 343
0 308
0 237
1 430
0 592
1 534
0 491
1 609
0 693
0 641
1 645
0 901
0 254
0 1
1 412
0 975
1 851
0 759
0 798
0 638
0 646
1 252
0 229
1 378
0 210
0 842
1 831
1 217
0 504
0 252
0 910
1 931
1 387
0 250
0 278
1 866
1 603
0 85
0 131
0 17
1 967
1 70
1 571
1 163
0 755
1 216
1 205
0 335
1 745
1 876
1 787
1 339
0 188
1 578
0 718
1 175
1 780
0 650
0 367
1 253
0 827
1 629
1 774
1 993
1 515
1 249
0 52
1 793
1 282
1 558
1 203
1 458
1 369
1 596
0 318
1 689
0 906
0 344
0 743
0 789
0 897
1 595
0 730
1 256
0 216
1 543
0 786
0 294
0 189
0 486
1 830
0 175
1 692
0 696
1 500
1 469
1 556
0 558
1 937
0 320
0 322
1 164
0 161
0 900
0 651
0 432
0 918
1 785
0 22
0 181
1 489
0 560
1 67
1 764
1 576
1 728
1 381
0 557
0 935
1 910
0 388
1 607
0 687
0 390
0 200
1 43
1 370
1 771
0 33
0 894
0 545
0 725
1 646
0 887
0 775
1 715
0 384
0 668
1 31
0 123
1 878
1 366
0 245
1 251
0 925
1 39
0 65
1 437
1 24
0 84
1 456
1 117
0 417
1 612
0 481
1 116
0 583
1 187
0 68
1 415
1 468
0 371
0 297
0 744
1 50
0 4
0 914
1 763
0 186
0 833
0 495
1 975
0 542
0 968
0 424
1 920
0 374
1 565
1 22
1 309
0 152
1 423
1 228
0 482
1 713
1 200
1 104
1 313
1 490
1 392
0 954
0 953
0 852
1 261
0 290
1 357
1 810
1 316
0 815
1 90
1 462
1 286
0 986
0 299
0 373
1 779
0 614
0 315
1 432
0 132
0 26
0 584
0 996
1 736
1 716
0 153
0 213
0 974
0 354
0 909
1 636
0 774
1 821
1 8
1 505
1 549
0 140
0 386
1 302
0 94
1 748
1 295
0 151
1 882
0 233
1 73
0 710
1 155
1 107
0 221
0 54
0 797
0 317
1 227
0 911
0 405
1 630
1 971
0 528
0 662
1 450
0 267
0 769
1 829
1 426
1 637
0 593
1 647
1 820
0 93
1 598
0 459
1 599
1 600
0 337
0 825
0 781
0 251
1 268
0 14
1 396
1 574
0 780
0 855
1 789
1 65
1 660
0 365
0 302
1 335
1 184
0 705
1 729
0 873
0 752
0 360
0 247
1 639
0 571
0 411
0 575
0 685
0 292
1 146
1 455
1 960
1 862
0 518
0 226
0 293
1 88
0 826
1 794
1 128
1 681
0 834
0 768
0 731
1 770
0 493
1 417
0 147
0 232
1 573
0 117
0 958
1 597
0 580
1 899
0 664
0 241
0 602
1 418
0 691
0 893
0 311
1 952
1 172
1 100
0 964
1 132
1 349
1 76
0 832
1 495
1 917
1 949
0 436
0 736
0 193
0 30
1 519
1 238
1 13
1 923
0 107
0 465
0 500
1 273
1 904
0 3
1 497
0 238
0 658
1 671
1 391
1 738
0 74
1 511
1 522
1 867
0 793
0 108
1 669
0 283
1 783
1 160
0 420
0 383
1 756
0 418
1 737
1 711
1 988
0 590
1 66
0 199
1 265
0 505
1 926
1 350
1 167
1 835
1 548
0 515
0 569
1 570
1 411
1 431
0 253
0 280
1 798
1 670
1 784
1 211
1 308
0 654
1 98
1 78
0 190
1 383
1 111
1 996
0 716
1 186
1 290
0 44
0 572
1 921
1 722
0 202
0 469
0 525
1 397
0 271
0 471
0 279
1 842
1 199
0 21
0 899
0 212
1 382
0 350
1 82
0 377
0 478
0 227
0 194
1 318
0 431
1 179
1 706
0 680
0 915
0 846
1 207
1 105
0 896
0 616
0 103
1 194
0 603
0 765
1 650
0 9
1 443
1 739
0 727
0 861
0 38
1 399
1 697
0 499
1 321
0 303
1 819
1 653
0 306
1 389
1 733
0 807
1 850
0 748
0 615
0 778
0 892
1 969
0 937
0 988
1 627
0 380
1 307
1 898
1 932
0 955
1 298
0 101
1 657
0 66
0 155
0 284
1 909
1 377
1 605
0 235
1 20
0 47
0 327
1 170
1 990
1 362
0 878
1 93
1 832
0 448
1 828
1 429
0 944
0 612
0 947
0 307
0 751
0 533
0 249
0 29
0 385
0 576
1 665
1 379
0 702
0 524
0 961
1 913
1 683
0 134
1 482
1 384
0 636
1 204
0 404
1 37
1 405
0 957
1 185
1 732
0 607
1 481
1 586
1 656
1 881
1 134
1 546
1 704
1 427
0 568
0 128
1 970
1 123
1 755
1 622
1 693
1 601
0 555
1 92
0 806
0 738
1 119
1 641
0 7
0 856
1 131
1 355
1 157
1 746
0 345
0 288
0 667
1 139
0 265
0 423
1 818
1 360
1 420
1 460
0 209
1 498
0 772
1 114
1 735
1 976
1 855
0 527
1 255
1 751
1 915
1 968
1 550
1 118
0 536
0 422
0 111
0 984
0 291
1 451
1 973
0 332
0 796
0 69
1 449
0 810
1 459
1 529
1 891
0 956
1 409
0 791
1 542
0 16
0 285
1 158
1 12
1 887
0 83
1 333
0 476
1 34
1 345
1 121
0 10
0 688
0 849
0 185
1 585
1 721
0 800
0 818
0 805
1 452
1 680
0 31
0 819
0 498
0 76
0 874
1 141
0 720
1 869
1 59
1 363
0 624
0 776
0 679
1 174
0 443
0 881
0 81
1 682
1 493
0 549
0 496
1 618
0 106
0 880
1 124
1 439
0 274
1 545
1 796
1 484
0 208
1 974
0 282
1 561
0 666
0 502
0 771
0 437
0 138
1 744
1 914
1 632
1 795
1 772
0 876
1 956
0 67
0 985
0 487
1 790
0 92
1 226
1 530
1 569
1 992
1 858
0 589
1 68
0 433
0 370
1 9
0 425
1 640
0 845
1 499
1 225
0 692
1 288
1 651
1 885
0 214
0 341
0 629
0 541
0 396
0 410
1 419
0 991
0 440
0 922
1 96
0 170
0 461
1 77
0 532
1 380
0 543
1 402
0 936
1 214
1 473
0 41
1 572
1 454
0 442
1 961
0 860
0 99
0 382
1 60
0 883
1 113
1 922
0 429
0 353
1 991
0 438
1 983
1 512
1 478
1 441
0 969
1 535
1 270
0 32
0 886
1 305
1 626
1 538
0 95
0 427
0 439
0 913
0 503
0 133
0 746
1 440
1 474
1 947
1 235
1 557
0 945
1 604
1 231
1 581
1 695
1 521
0 605
1 145
0 20
0 361
1 135
0 275
0 182
1 734
0 468
1 661
0 992
0 579
1 934
0 573
1 232
1 152
0 648
1 250
1 959
1 476
1 151
1 45
1 822
1 896
1 509
0 871
0 42
0 656
0 112
1 643
0 258
1 644
1 408
1 89
0 115
1 714
0 346
1 287
1 64
1 312
0 165
0 243
1 315
1 413
0 550
1 5
0 60
0 934
0 114
0 338
1 373
1 169
0 726
1 533
1 510
1 33
1 136
1 941
1 602
0 714
0 948
1 177
1 517
0 339
0 121
0 36
1 3
0 321
1 849
0 753
1 775
0 561
0 166
0 946
0 694
0 795
0 260
1 41
1 267
1 388
0 574
0 851
0 458
0 959
0 933
0 756
0 888
0 520
0 349
0 441
1 218
0 514
1 47
1 463
1 606
1 447
0 184
0 187
1 127
1 193
0 53
0 993
0 581
0 130
1 323
0 754
1 540
1 979
1 712
1 658
0 633
0 931
1 183
1 675
1 652
0 150
1 115
0 312
0 242
1 4
1 428
0 631
0 269
0 960
0 513
0 544
0 530
1 356
0 640
0 296
1 112
0 406
1 51
1 95
0 102
1 277
1 271
1 777
0 8
0 766
0 490
1 434
0 183
1 897
0 853
1 759
1 888
1 94
0 708
1 103
1 966
0 401
1 649
1 833
0 126
1 279
1 162
0 139
0 55
1 424
1 985
1 761
1 520
0 619
1 32
0 301
0 965
0 782
0 588
0 994
1 310
1 698
1 80
0 174
0 34
1 836
1 797
1 694
0 340
0 817
1 291